8.525000000000000000e+01
8.550000000000000000e+01
8.575000000000000000e+01
8.600000000000000000e+01
8.625000000000000000e+01
8.650000000000000000e+01
8.675000000000000000e+01
8.700000000000000000e+01
8.725000000000000000e+01
8.750000000000000000e+01
8.775000000000000000e+01
8.800000000000000000e+01
8.825000000000000000e+01
8.850000000000000000e+01
8.875000000000000000e+01
8.900000000000000000e+01
8.925000000000000000e+01
8.950000000000000000e+01
8.975000000000000000e+01
9.000000000000000000e+01
9.025000000000000000e+01
9.050000000000000000e+01
9.075000000000000000e+01
9.100000000000000000e+01
9.125000000000000000e+01
9.150000000000000000e+01
9.175000000000000000e+01
9.200000000000000000e+01
9.225000000000000000e+01
9.250000000000000000e+01
9.275000000000000000e+01
9.300000000000000000e+01
9.325000000000000000e+01
9.350000000000000000e+01
9.375000000000000000e+01
9.400000000000000000e+01
9.425000000000000000e+01
9.450000000000000000e+01
9.475000000000000000e+01
9.500000000000000000e+01
9.525000000000000000e+01
9.550000000000000000e+01
9.575000000000000000e+01
9.600000000000000000e+01
9.625000000000000000e+01
9.650000000000000000e+01
9.675000000000000000e+01
9.700000000000000000e+01
9.725000000000000000e+01
9.750000000000000000e+01
9.775000000000000000e+01
9.800000000000000000e+01
9.825000000000000000e+01
9.850000000000000000e+01
9.875000000000000000e+01
9.900000000000000000e+01
9.925000000000000000e+01
9.950000000000000000e+01
9.975000000000000000e+01
1.000000000000000000e+02
1.002500000000000000e+02
1.005000000000000000e+02
1.007500000000000000e+02
1.010000000000000000e+02
1.012500000000000000e+02
1.015000000000000000e+02
1.017500000000000000e+02
1.020000000000000000e+02
1.022500000000000000e+02
1.025000000000000000e+02
1.027500000000000000e+02
1.030000000000000000e+02
1.032500000000000000e+02
1.035000000000000000e+02
1.037500000000000000e+02
1.040000000000000000e+02
1.042500000000000000e+02
1.045000000000000000e+02
1.047500000000000000e+02
1.050000000000000000e+02
1.052500000000000000e+02
1.055000000000000000e+02
1.057500000000000000e+02
1.060000000000000000e+02
1.062500000000000000e+02
1.065000000000000000e+02
1.067500000000000000e+02
1.070000000000000000e+02
1.072500000000000000e+02
1.075000000000000000e+02
1.077500000000000000e+02
1.080000000000000000e+02
1.082500000000000000e+02
1.085000000000000000e+02
1.087500000000000000e+02
1.090000000000000000e+02
1.092500000000000000e+02
1.095000000000000000e+02
1.097500000000000000e+02
1.100000000000000000e+02
1.102500000000000000e+02
1.105000000000000000e+02
1.107500000000000000e+02
1.110000000000000000e+02
1.112500000000000000e+02
1.115000000000000000e+02
1.117500000000000000e+02
1.120000000000000000e+02
1.122500000000000000e+02
1.125000000000000000e+02
1.127500000000000000e+02
