2.459216306358358357e+06
2.459217268021898344e+06
2.459218303553491831e+06
2.459220263059050310e+06
2.459221289239247330e+06
2.459222272263233084e+06
2.459223322935482021e+06
2.459224309247599915e+06
2.459225310039523989e+06
2.459226325186394621e+06
2.459227314568157773e+06
2.459230309262093157e+06
2.459231304927079938e+06
2.459232311896805651e+06
2.459235264591014478e+06
2.459238292973581702e+06
2.459244318557288498e+06
2.459245320660308469e+06
2.459246308748292737e+06
2.459249308414179366e+06
2.459250318003283348e+06
2.459251272986069322e+06
2.459252311390846036e+06
2.459254313806475606e+06
2.459255239117602352e+06
2.459256261661342811e+06
2.459257311091612559e+06
2.459258311115925666e+06
2.459260299450404011e+06
2.459263196123506408e+06
2.459264307626717258e+06
2.459266294883637689e+06
2.459267285529055633e+06
2.459268292747449130e+06
2.459269267798140179e+06
2.459270311519492418e+06
2.459271308903133962e+06
2.459273354144745041e+06
2.459275306854281574e+06
2.459276303276701365e+06
2.459277302036503796e+06
2.459278257920062169e+06
2.459279308719590306e+06
2.459280317373017315e+06
2.459282378298830241e+06
2.459283419346312992e+06
2.459284308691887651e+06
2.459285249403684400e+06
2.459286291572044138e+06
2.459288292567862663e+06
2.459291287110777106e+06
2.459292342849048786e+06
2.459294310614737682e+06
2.459295200044552330e+06
2.459296311315027066e+06
2.459297255502406973e+06
2.459300250151379034e+06
2.459301308008516207e+06
2.459302310305392835e+06
2.459304310796866659e+06
2.459305307384575717e+06
2.459306260389643256e+06
2.459307312944324687e+06
2.459308307877362240e+06
2.459309306597349700e+06
2.459318268326513935e+06
2.459320301982819568e+06
2.459322307302494533e+06
2.459323295281695668e+06
2.459324307448115665e+06
2.459325198790237308e+06
2.459326311093858443e+06
2.459327400754925329e+06
2.459328299812057987e+06
2.459329288069060072e+06
2.459330257405279670e+06
2.459333321151946206e+06
2.459334307428938337e+06
2.459335307061936706e+06
2.459338306170260534e+06
2.459339312940861564e+06
2.459341299372288398e+06
2.459342307643753476e+06
2.459345314875768032e+06
2.459346294405793771e+06
2.459347309233170003e+06
2.459348322074783500e+06
2.459349323094307911e+06
2.459351310801853891e+06
2.459352310748010408e+06
2.459354312417387031e+06
2.459355249197063036e+06
2.459356314459483139e+06
2.459357313850181643e+06
2.459361286195437424e+06
2.459362318301752675e+06
2.459363316993185785e+06
2.459364318392802030e+06
2.459365313567907084e+06
2.459366318234633654e+06
2.459367292257421650e+06
2.459368314928470645e+06
2.459369319049657322e+06
2.459371320622800384e+06
2.459372324300846551e+06
2.459374312253450043e+06
2.459375296041275375e+06
2.459376329785852693e+06
2.459377322283392772e+06
2.459378322716910858e+06
2.459379326058227569e+06
2.459380341651384719e+06
2.459381323784401640e+06
2.459383308025882114e+06
2.459384304333381355e+06
2.459385325122097973e+06
2.459386324414624833e+06
2.459387326134423725e+06
2.459390371818797663e+06
2.459391339744519908e+06
2.459392339551682584e+06
2.459393330600785557e+06
2.459395286163652316e+06
2.459396271271291655e+06
2.459397359440871049e+06
2.459407315430452581e+06
2.459408348878147546e+06
2.459409300485984422e+06
2.459417233243006747e+06
2.459418221536134370e+06
2.459424311660078820e+06
2.459425400610123761e+06
2.459426240343165118e+06
2.459427265074152965e+06
2.459428394696991425e+06
2.459429314023396466e+06
2.459433248211888596e+06
2.459434257856595796e+06
2.459437269503063057e+06
2.459439322561000474e+06
2.459440308154147584e+06
2.459443310514240526e+06
2.459474347777151503e+06
2.459475347112083808e+06
2.459476205928329844e+06
2.459477347145569511e+06
2.459478305617657956e+06
2.459479317761659622e+06
2.459480235359805636e+06
2.459481388624734711e+06
2.459482314148014877e+06
2.459483222670863383e+06
2.459484362381079234e+06
2.459485341817618813e+06
2.459486303818237502e+06
2.459487262286333833e+06
2.459488263281149324e+06
2.459489294083460234e+06
2.459516299966824241e+06
2.459517299430094194e+06
2.459518300007090438e+06
2.459519299688457046e+06
2.459520279699453153e+06
2.459521262329919729e+06
2.459522300303109922e+06
2.459523294452658389e+06
2.459524278816387523e+06
2.459525300812067930e+06
2.459526313450278249e+06
2.459527327082809992e+06
2.459528339673140086e+06
2.459529300752011593e+06
2.459530300311144441e+06
2.459531300084530376e+06
2.459532300031217281e+06
2.459533300239299424e+06
2.459534310737894382e+06
2.459535246237593703e+06
2.459537296145129949e+06
2.459538290018164087e+06
2.459541283446368296e+06
2.459543236532385461e+06
2.459544352883666754e+06
2.459545303277662024e+06
2.459546303881499916e+06
2.459547303156176116e+06
2.459548302581271157e+06
2.459549317173538264e+06
2.459550256220343057e+06
2.459551312523790635e+06
2.459552302525857463e+06
2.459553223116371781e+06
2.459555295635973569e+06
2.459559291978677269e+06
2.459560305294230580e+06
2.459561305002478417e+06
2.459565305331402924e+06
2.459566243688467890e+06
2.459567306910244282e+06
2.459568305977980141e+06
2.459569308577682357e+06
2.459572286253296304e+06
