-6.398137535706529206e+02
-6.395025774812395412e+02
-6.403486898829401071e+02
-6.402065043861575759e+02
-6.402442469068978426e+02
-6.410122603130027983e+02
-6.409369440426222582e+02
-6.406914877146033405e+02
-6.399685468924831184e+02
-6.404704189848118858e+02
-6.400692571228867109e+02
-6.407644035312079041e+02
-6.410653080129076216e+02
-6.417086158851903974e+02
-6.396180810005848798e+02
-6.402033680267204545e+02
-6.402273563133953758e+02
-6.400581098800230393e+02
-6.408190787904088666e+02
-6.417865576927387110e+02
-6.416670079910475124e+02
-6.418336647441590230e+02
-6.414877607295095459e+02
-6.401857955185344053e+02
-6.407211976087911580e+02
-6.408239883205372962e+02
-6.412568777371905071e+02
-6.408199907598481104e+02
-6.411912310629993499e+02
-6.409943184599958386e+02
-6.409433787304303678e+02
-6.405505712621680914e+02
-6.394701697431789853e+02
-6.406208892514752051e+02
-6.403278841597660858e+02
-6.398052673514652042e+02
-6.402041843967773502e+02
-6.409028881049982829e+02
-6.419693883047892768e+02
-6.417211051089213925e+02
-6.407065825531110477e+02
-6.403239733463187804e+02
-6.403500523819656109e+02
-6.406716211243995076e+02
-6.414170054728226660e+02
-6.407645174505902332e+02
-6.411184649963119000e+02
-6.405784677045417084e+02
-6.401103016783346220e+02
-6.401961153782808651e+02
-6.400967845318317586e+02
-6.405595384634633547e+02
-6.412636196946218661e+02
-6.407155802887555183e+02
-6.398873425554962751e+02
-6.393814084217085565e+02
-6.412759970954209621e+02
-6.407523147640431489e+02
-6.404183977660588880e+02
-6.415055765619559907e+02
-6.420191256068829944e+02
-6.403729049254309302e+02
-6.401867894679359097e+02
-6.410724143700489321e+02
-6.414281935919335638e+02
-6.406439672211560037e+02
-6.411247297475006235e+02
-6.408613925871127321e+02
-6.404993568751449402e+02
-6.411283381127223038e+02
-6.409155944996974767e+02
-6.400550637736803310e+02
-6.394913394311363390e+02
-6.400704807849353983e+02
-6.382760686801533438e+02
-6.372172375010721908e+02
-6.402920432091586918e+02
-6.414238339428760582e+02
-6.409025689023562791e+02
-6.422797133863815588e+02
-6.430677442798380525e+02
-6.421550272805887971e+02
-6.418033326618791534e+02
-6.411614114923950183e+02
-6.412104000142098812e+02
-6.408421677478467018e+02
-6.412605086955413753e+02
-6.410692993561045796e+02
-6.415215347380827779e+02
-6.417649095958727230e+02
-6.417663140136321545e+02
-6.407511336272747258e+02
-6.398567649393254442e+02
-6.402212153377760160e+02
-6.402380786973631075e+02
-6.404407216848694588e+02
-6.405418011806140157e+02
-6.417881217318478093e+02
-6.430157444872228325e+02
-6.414806058430624489e+02
-6.417554935415125783e+02
-6.411639085823861706e+02
-6.417302092854318971e+02
-6.397684981278358691e+02
-6.398256280920677455e+02
-6.414209709581843981e+02
-6.415885950354233955e+02
-6.418195847367757096e+02
-6.417482111867258254e+02
-6.418419975491124205e+02
-6.411536841331692358e+02
-6.420215204396619129e+02
-6.408257235908961320e+02
-6.408444289598345449e+02
-6.406061474897494463e+02
-6.413436051175812054e+02
-6.406566124510895861e+02
-6.411977989013612387e+02
-6.430253451557863400e+02
-6.417270442730101649e+02
-6.410519812998583120e+02
-6.407023771282180178e+02
-6.399554370045685801e+02
-6.394586879394292964e+02
-6.399656590070261473e+02
-6.424808907656122301e+02
-6.421216919246353427e+02
-6.422908814844950030e+02
-6.414063847838032189e+02
-6.416412496498389828e+02
-6.405152177566059208e+02
-6.410390199797669766e+02
-6.409237611824904661e+02
-6.416451951299692382e+02
-6.422304035435345213e+02
-6.424394007229137742e+02
-6.420969621559025882e+02
-6.429584037077919447e+02
-6.414997273654720402e+02
-6.409873525951622923e+02
-6.413405756081899654e+02
-6.410931086035710678e+02
-6.417261041504040122e+02
-6.417608117663030498e+02
-6.414216981397323707e+02
-6.422124007197857054e+02
-6.412996077604450420e+02
-6.401811542874631868e+02
-6.405119716398492073e+02
-6.407427089376005824e+02
-6.404743824200386371e+02
-6.401027059187721306e+02
-6.408095476014088945e+02
-6.419224261356399666e+02
-6.406990687192338783e+02
-6.393889445864807612e+02
-6.409807920532969092e+02
-6.402608085602254278e+02
-6.395814738262080255e+02
-6.383441974231935774e+02
-6.377032037206822679e+02
-6.390504006448192058e+02
-6.390088118453171546e+02
-6.394137037171207112e+02
-6.404365429822780698e+02
-6.406018691290088327e+02
-6.402480745026020941e+02
-6.410329664611354019e+02
-6.408574417272378696e+02
-6.399644097203901083e+02
-6.402019616121112904e+02
-6.406425003470988031e+02
-6.399586863595711748e+02
-6.395347029187672661e+02
-6.411661208357618307e+02
-6.419078972744429166e+02
-6.425306133122211349e+02
-6.408916276327050809e+02
-6.406608617523226030e+02
-6.405446482146551261e+02
-6.422733643013875735e+02
-6.394803868819197987e+02
-6.421048694354167310e+02
-6.404806479135882000e+02
-6.403394717712787951e+02
-6.420296427072145207e+02
-6.413209273090769784e+02
-6.416929772754695023e+02
-6.417474301994870984e+02
-6.422023993133500426e+02
-6.406725278584577836e+02
-6.402026009503598516e+02
-6.413777414939196433e+02
-6.404514955620943510e+02
-6.426976084643922604e+02
-6.414762358570005745e+02
-6.384448720260010077e+02
-6.368391279664459717e+02
-6.367827445570295595e+02
-6.374469697019520709e+02
-6.381648390293230477e+02
-6.397803352042708411e+02
