1.231368438269418775e+00
9.950254361507414602e-01
8.474462756520765305e-01
6.359584661463779653e-01
8.365412449246976134e-01
-2.916100333208436132e-02
2.646361542230354913e-01
2.116900116913099650e-01
1.240302594222395305e+00
3.292921838369815557e-01
7.903892037031752249e-01
2.543182475930879649e-01
3.098972837190855922e-01
-7.054056932491769016e-01
1.625903632428527867e+00
9.249163451000954606e-01
6.066770097909328641e-01
9.778127364010248401e-01
-2.117347204418199014e-01
-3.318760022864140069e-01
-6.450935539384338169e-01
-1.144865236970807887e+00
-7.853471302757776273e-01
6.509594477384885725e-01
2.420116208092215893e-01
4.071328436774650505e-01
-4.942359755260403720e-01
2.356574321789584869e-01
-5.351622298711717907e-01
-2.368514885882254950e-01
-4.958590963978860566e-01
2.772025219522487594e-01
1.141003238643042206e+00
-8.820436241253419574e-02
4.507334237526759990e-01
7.429632438282691709e-01
1.408203789493625013e-01
-1.390513842442981096e-01
-1.704737172970121506e+00
-1.544349743562850596e+00
-5.742211263101926200e-02
3.024471819914392179e-01
1.456151775382319435e-01
1.775765899499767986e-01
-4.591607247415669946e-01
4.621800614790596007e-01
-5.325299754632264460e-01
2.279852095680755808e-01
4.768598522944348939e-01
4.578961357187784353e-02
3.274604657283629594e-01
4.912861953069905807e-01
-2.716957553679957837e-01
-3.526939851021505534e-01
5.338049935951471037e-01
1.265974362537021891e+00
-7.110458845549134654e-01
-3.206194349975390878e-01
6.711953104675995319e-02
-1.013396665851767464e+00
-1.531875417215090573e+00
5.075389553071611992e-01
6.862822615922661296e-01
-1.476391072130683602e-01
-6.438181994816072340e-01
-4.510321049277479788e-01
-4.805668143791796409e-01
-1.056382859781083566e-01
2.432938388604549418e-01
-4.534026998096907235e-01
-7.222845947245870590e-01
4.496401009978275853e-01
1.177913746737129230e+00
6.148699571309149681e-01
2.223609145742317494e+00
2.819442535014821338e+00
4.949183515595051430e-01
-7.985296794989764635e-01
-2.433332355341683573e-01
-1.583354291027880612e+00
-2.215367473437320101e+00
-1.494351071694704824e+00
-1.052474914476366097e+00
-7.309531785118705827e-01
-1.094034152094609080e+00
-2.489736199561566610e-01
-7.572907398982229310e-01
-3.553786090675439269e-01
-8.712808676674224095e-01
-9.192926093391454723e-01
-1.277883284448795953e+00
1.016850862785086129e-01
7.622145882551859541e-01
2.692563857372440861e-01
5.920144472015836934e-01
3.149652522023606294e-02
1.233623301984968640e-01
-1.145838961614242812e+00
-2.238684109443960679e+00
-6.852612187734623550e-01
-8.867966519394220315e-01
-4.168061674062065181e-01
-6.330690475005384954e-01
1.379720809593535380e+00
1.075754864406460731e+00
-8.859403200324548200e-01
-1.092819625694816832e+00
-1.410941662997879709e+00
-1.267455939451502589e+00
-1.281056069330669622e+00
-3.972025950817245077e-01
-5.041270280965749473e-01
3.307308903591863469e-01
7.058553455711477631e-02
2.629882040699668133e-01
-2.855333654780919592e-02
1.418392852884402255e-01
-3.259360578064570690e-01
-1.900174495739052061e+00
-9.980967870131243203e-01
-1.833601148623270338e-01
2.124445221599635114e-01
7.188228608719081647e-01
1.432747638300967408e+00
2.080019442063040902e+00
-1.131407767678428433e+00
-4.676314328701254852e-01
-1.099045117304608521e+00
-9.527340490187286015e-02
-2.083771192651732718e-01
5.038368612708883365e-01
3.431787197856645544e-01
-4.473093345044960173e-02
-4.575018698292488972e-01
-6.870777975035973206e-01
-1.567441388102486677e+00
-8.442553997049371262e-01
-1.845505847343528183e+00
-6.191951128702694040e-01
1.637166433196280690e-01
-2.956642755366803987e-01
-3.173100554503607840e-01
-7.823189829541554730e-01
-6.035668353310922329e-01
-7.045606401613757619e-02
-1.527467407678958500e+00
-6.789785442640450253e-01
2.363225334660740973e-01
-4.338373167186760915e-01
5.669420846385517243e-02
5.391059575353416289e-01
6.137349585479173752e-01
2.881500071479322078e-01
-8.754329945625245468e-01
-7.422335168403812466e-02
1.311750974584067864e+00
5.819670390851285902e-01
2.345966544465839798e-01
6.472045418601760636e-01
1.786960767919980375e+00
2.074480095625701903e+00
1.215394092057205944e+00
1.085882100564639297e+00
9.701479866624496129e-01
5.904595766560667702e-02
-1.389168015549696600e-01
-1.178411506668632092e-02
-3.945448330406464144e-01
-2.339976198344814462e-01
8.114107838328822320e-01
3.604196401632245306e-01
-1.462909739987499347e-01
4.982055493669975688e-01
8.297850697478579285e-01
-5.502342579185128812e-01
-1.664511354994886672e+00
-1.896409367211075558e+00
-4.013543031283809404e-01
1.007998008841406723e-01
3.975790995684994611e-01
-1.168601751869061900e+00
1.057431092465270117e+00
-9.237286414818222102e-01
5.816469534444618228e-01
9.206490548194519175e-01
-1.519513366495379936e+00
-6.956302975082955253e-01
-7.724398181905857141e-01
-3.709701835878081999e-01
-1.043444778102932124e+00
6.067874211712926957e-01
4.575248350513506645e-01
-8.491119745803865637e-01
5.313073274153896630e-01
-1.511867316106207115e-01
-7.122198674577631117e-01
2.878333622875737685e+00
3.795609265066777649e+00
3.627931531153259392e+00
2.849017054461187914e+00
2.114975242540801492e+00
1.436223434009047173e+00
