1.807952601993018799e-02
2.181403870443469548e-02
1.754065508336763793e-02
2.158049748409237092e-02
1.985965188293670539e-02
2.024311768225966687e-02
2.606625044470624666e-02
1.678219624697779161e-02
1.716946215439831350e-02
1.838325696126968251e-02
1.796837227513612897e-02
1.657813036792587374e-02
1.686866538878003391e-02
1.739035945515097006e-02
7.915857610599444372e-02
2.324224924564528838e-02
3.147478430345243550e-02
1.744830798077687956e-02
2.178362554527915260e-02
1.992352750522464674e-02
1.790082366438516814e-02
2.296948987142572937e-02
1.656972622832990003e-02
1.693154219685482839e-02
2.997702541853326796e-02
2.301587242503692898e-02
1.629135893687048628e-02
1.726542887209850038e-02
1.722771669888399984e-02
5.569311270753191101e-02
1.704135446992849703e-02
1.731608505672577875e-02
1.850118595745717937e-02
1.761960265681223117e-02
2.192944466213283053e-02
1.643799657933258523e-02
1.634544396624902640e-02
2.265269199727324226e-02
1.738013233389191017e-02
1.889732331113061839e-02
2.560875218843861392e-02
5.184036789381488153e-02
1.639362302258759452e-02
1.965849857202995113e-02
7.367383690619498660e-02
7.523809819353884099e-02
1.646632179796227516e-02
2.688142508223013635e-02
3.387428305545751861e-02
1.805699680073605956e-02
1.874573539105961473e-02
5.378425383321072673e-02
1.667067796028658816e-02
5.102426647243191865e-02
1.701035106669227318e-02
2.200466333624637866e-02
2.323602057048358011e-02
1.658079196655958334e-02
1.624497176304992921e-02
1.672919885856100769e-02
1.650210760870697221e-02
2.118185339574749082e-02
1.728346176123233061e-02
1.649050795392357702e-02
1.639477431366816867e-02
1.983998097502358629e-02
6.980275502509010466e-02
1.659334060056205651e-02
1.774360497770441358e-02
1.651056160798608161e-02
5.020724147594412407e-02
1.884489029408257035e-02
3.587276261434235031e-02
1.738823049177181182e-02
1.841441351427163323e-02
2.449330422567463569e-02
4.629029915602898143e-02
1.635105027184095491e-02
1.623168681729410950e-02
1.670231303853899826e-02
1.692016837531228751e-02
1.739145884523620594e-02
1.624011793812473251e-02
1.711436001317191355e-02
1.800792193313830586e-02
1.717054267607671242e-02
2.146838222272154026e-02
1.785033006756503449e-02
1.666691783711105046e-02
1.670347250464997851e-02
1.694723381007557858e-02
2.500149570977945254e-02
1.678211030139304533e-02
1.682978490177890196e-02
2.458189976081313552e-02
1.715448085898293659e-02
1.736593440778480893e-02
1.708021718825084717e-02
1.769840327139780845e-02
1.749038527367727941e-02
1.987204438536284770e-02
1.825757769033236125e-02
1.817685029117658765e-02
1.789636127000817506e-02
1.839958080055513825e-02
2.333759356719822264e-02
2.899176319935000551e-02
2.026045539091291328e-02
1.765453996689457516e-02
1.825383947180013455e-02
2.001769220751891537e-02
2.180444113378385285e-02
2.623590977802529867e-02
2.394824688500871851e-02
2.307058272932200130e-02
2.021744872318896255e-02
1.927694040638464751e-02
1.874262638098571007e-02
3.468189051760171143e-02
1.944132566211204116e-02
3.161739604404663340e-02
1.942860446607089578e-02
4.634280078480196297e-02
3.187369519238585774e-02
3.429049956124145815e-02
1.869416351688324776e-02
3.409987200215531394e-02
2.360878572938439682e-02
4.146244801252031015e-02
6.392966785114320705e-02
1.759827865137285341e-02
3.598197392757484375e-02
3.266856065624493960e-02
4.686338222195513686e-02
7.395547399046348280e-02
1.847371673752452870e-02
4.031386448170500014e-02
2.661381964013059126e-02
7.891740779673125927e-02
4.852639559849294265e-02
7.045372439265515374e-02
4.451441476085968990e-02
2.227791809207574011e-02
3.546862449471450268e-02
4.459010051767242633e-02
3.222943248007782008e-02
1.568009816447572813e-02
1.632809455693383718e-02
3.486878846940966170e-02
2.792113559487379576e-02
4.558137544386581252e-02
3.141342906007416058e-02
4.521545434687387899e-02
4.251897452714565456e-02
1.679659240294961373e-02
2.687918661831163042e-02
2.560515657339567167e-02
2.825799677528699136e-02
1.612908823691582699e-02
1.601798018116274216e-02
1.594597373129016601e-02
1.600175951412883060e-02
2.309128276538071484e-02
2.044746429624025655e-02
1.595157672795613144e-02
1.662799739813256364e-02
1.995431309938047737e-02
1.590937458930676701e-02
2.218179429596565250e-02
1.785149471498182275e-02
2.000380829726611936e-02
1.581864926385587525e-02
1.591739101027935671e-02
1.597363063606061992e-02
1.606908905770424584e-02
1.611137948605564224e-02
1.738965626523739441e-02
3.267618949908018822e-02
1.705212829672570277e-02
1.919026767938322373e-02
5.966443597790685449e-02
3.524789060938422758e-02
2.970920741313511082e-02
1.605612796037386714e-02
1.603903579541715238e-02
1.602863396219480346e-02
1.600873858725698762e-02
1.740958749595909044e-02
2.674694744362820717e-02
1.780700826708584220e-02
1.620090035863247513e-02
4.075108600776317785e-02
1.674742280549538706e-02
2.041964350666162359e-02
1.565278591183185547e-02
1.590333212796801385e-02
1.573322997351317074e-02
2.729749790658378070e-02
1.587549880044187081e-02
1.662979711029017801e-02
1.654666765736701947e-02
1.766865854389792351e-02
