3.208883727727849383e-02 4.331038980322131360e-02 1.172185059785256223e-01 4.311127052558401673e-01 4.763272548159155129e+00
3.871024570902588391e-02 5.225884603428587738e-02 1.414810284883977476e-01 5.188804703326632684e-01 5.719225215764331516e+00
3.112458542994322661e-02 4.200293076404951892e-02 1.137213349490892034e-01 4.178904851208059545e-01 4.357020367568222419e+00
3.829855915115946280e-02 5.168917794411689165e-02 1.398248206979962327e-01 5.146937954243182567e-01 5.335506107851196944e+00
3.520712649601531047e-02 4.752926134175716050e-02 1.286891199253510643e-01 4.715073857670359914e-01 4.890044473702211292e+00
3.591757717906460950e-02 4.846416654992940359e-02 1.311994223128078729e-01 4.810482680134166023e-01 5.464841517979153629e+00
4.621970850683190107e-02 6.240259253870320683e-02 1.687161343821879655e-01 6.195471132857919283e-01 6.378546783187450053e+00
2.978136618291326448e-02 4.019711480424319194e-02 1.088045036288610434e-01 3.981845625504763508e-01 4.325615306850547626e+00
3.047385510052479443e-02 4.112453785071543133e-02 1.112179494834661803e-01 4.079462662485669466e-01 4.266571150490086062e+00
3.270926043619932361e-02 4.413393605205775949e-02 1.194379824353584141e-01 4.379578383521868790e-01 4.766314763710602698e+00
3.192943891297300024e-02 4.309526089400766286e-02 1.167311433741625992e-01 4.282536190984377322e-01 4.351582346682309144e+00
2.947751959573249175e-02 3.980879104460884055e-02 1.077432742182603542e-01 3.958825114110380294e-01 4.074934098558316897e+00
2.996725548491190397e-02 4.044726121840167693e-02 1.095279312182384779e-01 4.017790281736014490e-01 4.153762640846136556e+00
3.093192839868800365e-02 4.176077359830418501e-02 1.130922910419451949e-01 4.137434072083235326e-01 4.173582218238297337e+00
1.410987153157280960e-01 1.904188369646723777e-01 5.161066386899080261e-01 1.891564019958741572e+00 2.051474233926019153e+01
4.129653986859129627e-02 5.576188072292998649e-02 1.511257795618676791e-01 5.548731448249069054e-01 5.806359410839606383e+00
5.634375067347895810e-02 7.606980310223063202e-02 2.058509989157872033e-01 7.550983203162978663e-01 7.899832861046014898e+00
3.114205251618178821e-02 4.202851281007875112e-02 1.137044331481891490e-01 4.173751484091346442e-01 4.546044891690370626e+00
3.887286041246951207e-02 5.246943586920786023e-02 1.421487833098399878e-01 5.177222769670110081e-01 5.817378551713221491e+00
3.555976215434901444e-02 4.798980027573250540e-02 1.300036912174315495e-01 4.741499994244902094e-01 4.954922521215655351e+00
3.195769381962543926e-02 4.314384972521424777e-02 1.167135430861139939e-01 4.262582104544367367e-01 4.349317639699549431e+00
4.109840609941508432e-02 5.545420521143986509e-02 1.500576536382932646e-01 5.503549330609732726e-01 5.724535295851158168e+00
2.962644890585510934e-02 3.998950774936085167e-02 1.082920108691410449e-01 3.939003573902601363e-01 4.061592296233202504e+00
3.027705421065415847e-02 4.086770601318019669e-02 1.106923185178485397e-01 4.038695143351790917e-01 4.176387094723960303e+00
5.348965761567837235e-02 7.220131077208660764e-02 1.953346769173686104e-01 7.137191652829250055e-01 7.624379929101974263e+00
4.104777997664287026e-02 5.538311097801364852e-02 1.498298790786867229e-01 5.466776101367316620e-01 5.665882624580866000e+00
2.911959097233729130e-02 3.930059568408544174e-02 1.063633822353296093e-01 3.913391127911344247e-01 3.928185922835031541e+00
3.082473631252558716e-02 4.160644822818421878e-02 1.126606961276181984e-01 4.122156501327617351e-01 4.525509935760920754e+00
3.090097427439356115e-02 4.169882663541765733e-02 1.129106141348720643e-01 4.136482309663324086e-01 4.144815020947139494e+00
9.893007760994840250e-02 1.333768541482722170e-01 3.614218943151266128e-01 1.331334009517398442e+00 1.341897918390657907e+01
3.053751400109863678e-02 4.122889207099510872e-02 1.116098394741809052e-01 4.070394677780248549e-01 4.153624818056523615e+00
3.098020960859279582e-02 4.182684720440860149e-02 1.133127547569774130e-01 4.148401686771555075e-01 4.276119003420307152e+00
3.315521571874183171e-02 4.475645319778687875e-02 1.211144599581539805e-01 4.423091967953327597e-01 4.573851540326223208e+00
3.155196939570958925e-02 4.260903633288150305e-02 1.154530282107714689e-01 4.226902001013516652e-01 4.444453075694145383e+00
3.927185276463544816e-02 5.303439445844404521e-02 1.436602417861327918e-01 5.282133002786726372e-01 5.306409487489938570e+00
2.945547234614701720e-02 3.978204461956840604e-02 1.077448918048602849e-01 3.945122819691902483e-01 4.209751594269747876e+00
2.925752768788472333e-02 3.950966586808934283e-02 1.070161927501903504e-01 3.915623065565470018e-01 4.073936983434762737e+00
4.062853485745058363e-02 5.484454909191451011e-02 1.484177133443098928e-01 5.434047906160530683e-01 5.664924157641969771e+00
3.122647369581915688e-02 4.214927147436536847e-02 1.140583234341710078e-01 4.182949645756844359e-01 4.404557491241479994e+00
3.390876728970695919e-02 4.577831840356471477e-02 1.240752271457058326e-01 4.515515232986006544e-01 4.767552392338118672e+00
4.607609062711459647e-02 6.221260204667401067e-02 1.685511897080443633e-01 6.162610626610813824e-01 6.444452871771864544e+00
9.294627784941202064e-02 1.254142169393099027e-01 3.396005102270321374e-01 1.244526363340586750e+00 1.221123831887357802e+01
2.938746662732157414e-02 3.966721952087295250e-02 1.073624516355639047e-01 3.939810374367269663e-01 4.094256515976345767e+00
3.522768252339695400e-02 4.756268705546949638e-02 1.287695125320971745e-01 4.699823539620141544e-01 4.940263170884914068e+00
1.322808210129089723e-01 1.785300242044499941e-01 4.835475254222266206e-01 1.771242308476064453e+00 1.904674556480971503e+01
1.344868557862440306e-01 1.814395659813941852e-01 4.915834740368114075e-01 1.797493839157353390e+00 1.881204712440772653e+01
2.950478192987747092e-02 3.981500859034151768e-02 1.077578323736393950e-01 3.941853461992528285e-01 4.149139509095618017e+00
4.823439731978747258e-02 6.510863395999851033e-02 1.765172312713751412e-01 6.446744161460185030e-01 7.211123861783035771e+00
6.076488588234228716e-02 8.198348578009582999e-02 2.218222943205078179e-01 8.089171101389883711e-01 8.593907209112531476e+00
3.244667286612539642e-02 4.379655659893037789e-02 1.186731655663202795e-01 4.338785828545891343e-01 4.644534865134597901e+00
3.366739192797975344e-02 4.546195195425380142e-02 1.231190184961921952e-01 4.500718784808839801e-01 4.713253653015244460e+00
9.598936572279996582e-02 1.295470514978867005e-01 3.507525197149160001e-01 1.284057225415194736e+00 1.361577084185550923e+01
2.995760596478389687e-02 4.045268706505027179e-02 1.095394389649272798e-01 4.005562985812961552e-01 4.306730726273313437e+00
9.131585201337863444e-02 1.231985822872110198e-01 3.333619544981344385e-01 1.227813742767476901e+00 1.307663281472387240e+01
3.063485094468254913e-02 4.136537059668850269e-02 1.120479912648448817e-01 4.095338534582395607e-01 4.680748307485239401e+00
3.964956811166156503e-02 5.354967974461077862e-02 1.449521850098879072e-01 5.339701057190010536e-01 5.499135653918371780e+00
4.177108202054444913e-02 5.639534031307609496e-02 1.528599228630798390e-01 5.615017741141732355e-01 5.804974440493247734e+00
2.984178857775005023e-02 4.031649519783263302e-02 1.092137197250119957e-01 4.004379864961404301e-01 4.224841801443606215e+00
2.924236224566172798e-02 3.951128810283940224e-02 1.070937826335700283e-01 3.930683524926119610e-01 4.067283297802753772e+00
3.011678279856095514e-02 4.068246239595728342e-02 1.102616417129931026e-01 4.018554160733930347e-01 4.136372056402057851e+00
2.969507920837508377e-02 4.009953161461794757e-02 1.086555830886375834e-01 3.984409801039880406e-01 4.129185624891029249e+00
3.812818040562091643e-02 5.152351223187073836e-02 1.395674951837645728e-01 5.104659631046875035e-01 5.493396481843122459e+00
3.105469844698448278e-02 4.194115190181062214e-02 1.136462237379192164e-01 4.166270346077505238e-01 4.387582556252179522e+00
2.959753441923120704e-02 3.996866928038424194e-02 1.083508452605469602e-01 3.959505874453944640e-01 4.017252251233066396e+00
2.947446676923074285e-02 3.981388823077111616e-02 1.079530563257654757e-01 3.932831989746544687e-01 3.963006511082042937e+00
3.571672281104928265e-02 4.825760721149087440e-02 1.309119510737042913e-01 4.782716168625832931e-01 4.818916024195711856e+00
1.260843592987602735e-01 1.704276247409751699e-01 4.629178957834126362e-01 1.683507238565863817e+00 1.778727464860615726e+01
2.988291675741649653e-02 4.038292817305468019e-02 1.094930245951320352e-01 4.010825145853074147e-01 4.108408819452271210e+00
3.192661041571055042e-02 4.315152288694650701e-02 1.170628456701215403e-01 4.295303713788026223e-01 4.801308395382537064e+00
2.971716560192879872e-02 4.017767891897331550e-02 1.089570358344919970e-01 3.999576495565494993e-01 4.149454293116326298e+00
9.020913907842290080e-02 1.219121088925219920e-01 3.303744945924212417e-01 1.212591184268444700e+00 1.353765011774454052e+01
3.398284013745350718e-02 4.595875176241397825e-02 1.247811358142761895e-01 4.584571512301726659e-01 4.894985866383482431e+00
6.452900416258501581e-02 8.723336817581550662e-02 2.366838795355451219e-01 8.633353292718707328e-01 9.412212977549238246e+00
3.125338807200313263e-02 4.224241809594855152e-02 1.146844482332936843e-01 4.215832534074018256e-01 4.484785686061603549e+00
3.312209670431994629e-02 4.478014153143811127e-02 1.216985908424830093e-01 4.450766659128799208e-01 4.639075769426393769e+00
4.413534993584069394e-02 5.968140796914912088e-02 1.620311782128137645e-01 5.940224728662787390e-01 6.290154896754758695e+00
8.360790046876737103e-02 1.130114577891721678e-01 3.067302796695741129e-01 1.118891369600084174e+00 1.152209804866282994e+01
2.945831666239611540e-02 3.980958194379741882e-02 1.079462352925984470e-01 3.956101379783047989e-01 3.959990339346058263e+00
2.920901249198550390e-02 3.948402317074779094e-02 1.071131467368129364e-01 3.920768746697080864e-01 4.154229237835723509e+00
3.005076616382866203e-02 4.061434089260376051e-02 1.102087760200301664e-01 4.022181579505832438e-01 4.145650730662875816e+00
3.044778594906799585e-02 4.116411806486314912e-02 1.116201662812205675e-01 4.084201738333348985e-01 4.205396556167835698e+00
3.131532211389449760e-02 4.233951292296709440e-02 1.148531234612872876e-01 4.204656336402767813e-01 4.422038877830701153e+00
2.922324928435669072e-02 3.952167825337951634e-02 1.073113723180907364e-01 3.917931878016845393e-01 4.094568559811127884e+00
3.084694767331640219e-02 4.173040240628671932e-02 1.133475700166515221e-01 4.151712722160225688e-01 4.526773979908432111e+00
3.241285566766222148e-02 4.383841228455050143e-02 1.189852360805843251e-01 4.378922109311303990e-01 4.666230676442516767e+00
3.089380556705056263e-02 4.177604210393141837e-02 1.135114093105305533e-01 4.159479680851403960e-01 4.616055397284813289e+00
3.862521996626013671e-02 5.223489206910700983e-02 1.419612383848500026e-01 5.222761825786153000e-01 5.545328603850752103e+00
3.211350110952055498e-02 4.343817854458708466e-02 1.180045503119631634e-01 4.343773516372312904e-01 4.591890730816372113e+00
3.001461355340162215e-02 4.059256717673012660e-02 1.102803800550960778e-01 4.029592575399605359e-01 4.401666623849843418e+00
3.007102356119050260e-02 4.066941800954439884e-02 1.102981658748575372e-01 4.038852353811140938e-01 4.347490257972390637e+00
3.050455860423175597e-02 4.125460001706165308e-02 1.121344441249048640e-01 4.105356759746289219e-01 4.306849292681984132e+00
4.506518428094703071e-02 6.097391592556013207e-02 1.656056501456932284e-01 6.075157585083867939e-01 6.683098821806410683e+00
3.024744866672540028e-02 4.092998917650141066e-02 1.112126599575280622e-01 4.074201449071467862e-01 4.255525180014314124e+00
3.035935904181688225e-02 4.108366998257339392e-02 1.117114990917101730e-01 4.091406160304979500e-01 4.501138882677434339e+00
4.428650254105605949e-02 5.994596290467361921e-02 1.629732474601097436e-01 5.986141175867849551e-01 6.212926101242305599e+00
3.089739735188443484e-02 4.180895547272150958e-02 1.135073460770991693e-01 4.165481208808510249e-01 4.414686924261900458e+00
3.126988105066599161e-02 4.230777917201573868e-02 1.147291742029048212e-01 4.226002219312779973e-01 4.351848982301922852e+00
3.078491033008508640e-02 4.165087168805647194e-02 1.131713213311791588e-01 4.155022589581187087e-01 4.430303579674699677e+00
3.190516306316121958e-02 4.315573136600403537e-02 1.172918333102773158e-01 4.299904132628536435e-01 4.673012510505690997e+00
3.151063930459543916e-02 4.263962332081430717e-02 1.158606596705454295e-01 4.248663919847237014e-01 4.498040134062049944e+00
3.584045257953868968e-02 4.848973810129939693e-02 1.316911774825092474e-01 4.850229074645425187e-01 5.091436225602099519e+00
3.283937184308562823e-02 4.442245327009462091e-02 1.208773236678164775e-01 4.444407344775622160e-01 4.974454322541767226e+00
3.263312787818712507e-02 4.413050279908021373e-02 1.199730180233655047e-01 4.406858474441838203e-01 4.582003204001993346e+00
3.205095608457612932e-02 4.333826787562437138e-02 1.177109664072036460e-01 4.310895837709096123e-01 4.742723761576828068e+00
3.296701468238875943e-02 4.459326534729161906e-02 1.212307454742879709e-01 4.434782845422536868e-01 4.677581262279998597e+00
4.208228910774581416e-02 5.696661391881504416e-02 1.549955348126381693e-01 5.687554135676623490e-01 6.002895733141864199e+00
5.220227007067502339e-02 7.066666831356512024e-02 1.920560960363155156e-01 7.039464626209842590e-01 7.265140045580332995e+00
3.652015892289516702e-02 4.941220250635998401e-02 1.343433902052810491e-01 4.908900581215265846e-01 5.207764964201460955e+00
3.178893121955016221e-02 4.300886205857197553e-02 1.169065053456686959e-01 4.286314709453529215e-01 4.652929099405838542e+00
3.271382372173248926e-02 4.423275479865378113e-02 1.202210609359977839e-01 4.417054246672206252e-01 4.609272074216712589e+00
3.555294422762504680e-02 4.806085556575260404e-02 1.305577512398447271e-01 4.818877402503867202e-01 5.222848015102930397e+00
3.851353436917041156e-02 5.201742069411859765e-02 1.412752427098525054e-01 5.218912931473482786e-01 5.672707386533616614e+00
4.602739177245961794e-02 6.215543341511652053e-02 1.686724457020616630e-01 6.234819450409228025e-01 6.846479027269793960e+00
4.236082475689757765e-02 5.724817649557503024e-02 1.554606139042377100e-01 5.723864755311902641e-01 6.427823175687299440e+00
4.086859283313637459e-02 5.525639477913543707e-02 1.500734135243820822e-01 5.528949493297042883e-01 6.052789608057767445e+00
3.561735290334198945e-02 4.812195067834706269e-02 1.305442127060670587e-01 4.795497219511345999e-01 5.532715401528622401e+00
3.420404435192737208e-02 4.620861240571552675e-02 1.254712683571926890e-01 4.605480251385564716e-01 5.316817877118719338e+00
3.336003485942657526e-02 4.509754197315313934e-02 1.224521951345851345e-01 4.503343258959565665e-01 4.879124338145508055e+00
6.209729725933391120e-02 8.396297963087429039e-02 2.284953368488055192e-01 8.312564699120467138e-01 8.971265157905664367e+00
3.496714141652869368e-02 4.730113277690319723e-02 1.287892270270967199e-01 4.703881156925017737e-01 5.047067074808549769e+00
5.686515655904433170e-02 7.697977350059456714e-02 2.093267148389091059e-01 7.688123145138332504e-01 8.836783036542733782e+00
3.476554632200239137e-02 4.703924758173348708e-02 1.279862676308502201e-01 4.707091049742988531e-01 5.177173121049447602e+00
8.251557787142091427e-02 1.116134054074509052e-01 3.036257975411363885e-01 1.123060823396154095e+00 1.294416378815289548e+01
5.680735608202901188e-02 7.685681181013356844e-02 2.092316406305447796e-01 7.765466094434865241e-01 8.941007480603456514e+00
6.093029856293975116e-02 8.242014637655549480e-02 2.246701342607554941e-01 8.289530794726128748e-01 8.686087424668688328e+00
3.324575955977477487e-02 4.493597338567169308e-02 1.220038523748112197e-01 4.469800497094497671e-01 5.017139326264556054e+00
5.873224797647308426e-02 7.911257208823627152e-02 2.135782950494228838e-01 7.918114028505456314e-01 8.754834912446183282e+00
4.133358603487004984e-02 5.574779322893964884e-02 1.508186379431073754e-01 5.584127836978020065e-01 6.328071593532699879e+00
7.271342051376536442e-02 9.806040030026068333e-02 2.653190697408455700e-01 9.819057635164164521e-01 1.155722123659452905e+01
1.113821421158152497e-01 1.501147701013154090e-01 4.060570411612834940e-01 1.496618968608979916e+00 1.805189571036333973e+01
3.155951462763287307e-02 4.262938780504659658e-02 1.157380201424535598e-01 4.267225358443626493e-01 4.978301289614746494e+00
6.444756928893266568e-02 8.703196564994851447e-02 2.363266840644613065e-01 8.716416060343989969e-01 9.778422192012129699e+00
5.860934885342831274e-02 7.917733628226854281e-02 2.145861770968396087e-01 7.875823402021303599e-01 9.123492651196787762e+00
8.402525336431830583e-02 1.134576779118785378e-01 3.073304476409050023e-01 1.127986665094907082e+00 1.252327501384162289e+01
1.319987301452548722e-01 1.782395923728611609e-01 4.832944964192810722e-01 1.770043586204338437e+00 1.904730104402992907e+01
3.317143008923379571e-02 4.482899142300288825e-02 1.216953631155516385e-01 4.437596075053558686e-01 4.843731821426988660e+00
7.176435548332225911e-02 9.691827840415286055e-02 2.628502524499776727e-01 9.617505257770516680e-01 1.057214040386747733e+01
4.760703614261058841e-02 6.428331161777382785e-02 1.741842097321717187e-01 6.398116512213218865e-01 7.208427314539717301e+00
1.423063361000680149e-01 1.922068304652685966e-01 5.218796935895313460e-01 1.923049798258535725e+00 2.111526348832690658e+01
8.707983289090023837e-02 1.175765190453659931e-01 3.188198003176744288e-01 1.166475806444105867e+00 1.324952202654056066e+01
1.269052065368264370e-01 1.713628277978569703e-01 4.649641728221081127e-01 1.701732673313544275e+00 2.180560085474496290e+01
7.978241106759567658e-02 1.077193983005942934e-01 2.917412991062578453e-01 1.065498446331044846e+00 1.233139472949222615e+01
3.951618911382089039e-02 5.331371955798019230e-02 1.443742948135753323e-01 5.288257700914423820e-01 5.863712787298355877e+00
6.317512123767272947e-02 8.518232326509003749e-02 2.302978222489186766e-01 8.471868853398260013e-01 9.374594745042228894e+00
7.903101945773662040e-02 1.065575234610749572e-01 2.878678489708009214e-01 1.056509931209234532e+00 1.262844718643807340e+01
5.769087848493477388e-02 7.790919863841097581e-02 2.111187626905915438e-01 7.714265894140009960e-01 8.124099994061246832e+00
2.808540997682546295e-02 3.794693975618929765e-02 1.028853905655717910e-01 3.788057995050335136e-01 4.042649916968114709e+00
2.927964601517364651e-02 3.955704556662945071e-02 1.072656368402554322e-01 3.952426106164179664e-01 4.241378890203629126e+00
6.242430516095590770e-02 8.435899873607986821e-02 2.289612651075954297e-01 8.418609862896317964e-01 9.443252391545689406e+00
4.987711526034203924e-02 6.734352810257124289e-02 1.825279101287860806e-01 6.727259209341388546e-01 7.580116906899003304e+00
8.129937145722036795e-02 1.097980979157882758e-01 2.974357288619214335e-01 1.101395179735207952e+00 1.235235237158529209e+01
5.609327622144843345e-02 7.575787464347713551e-02 2.052479133245677934e-01 7.559826425631881452e-01 8.789653606299440369e+00
7.982195833524653727e-02 1.076574351549506592e-01 2.915309423235014075e-01 1.074289822909520575e+00 1.191428031851764757e+01
7.540865768772389566e-02 1.016977810927924553e-01 2.754640680181506540e-01 1.012512897199010276e+00 1.171097504659153721e+01
2.993191160183127780e-02 4.040300894650943747e-02 1.094689606914623359e-01 4.027873123518188603e-01 4.557683149700574532e+00
4.736980494629792343e-02 6.390470166671732843e-02 1.726557257269559775e-01 6.362183566779019417e-01 6.994562317475681468e+00
4.556969528853572343e-02 6.155196771526443011e-02 1.667221855704032474e-01 6.123590051812398682e-01 6.720178769966058674e+00
5.034977188632267647e-02 6.797653499472697258e-02 1.841982492828056206e-01 6.786467347390078286e-01 7.483899722405468857e+00
2.877578887295736271e-02 3.891079384390122575e-02 1.057728164694860390e-01 3.904004117956451081e-01 4.136579532932160852e+00
2.853609416869381035e-02 3.859397243160846147e-02 1.048816194844664346e-01 3.864677870228132028e-01 4.192028633702808982e+00
2.842373286272145694e-02 3.844807150329552364e-02 1.043861307246885251e-01 3.861884802522158044e-01 4.011204190500374800e+00
2.850707512390748127e-02 3.855082079777584492e-02 1.047093164491228051e-01 3.843665847233855848e-01 4.282094382929627407e+00
4.122838770115930945e-02 5.577722017345834726e-02 1.515943701306158853e-01 5.588006965612023480e-01 5.899648392037494915e+00
3.645447792254098707e-02 4.930881756695151830e-02 1.338464545488143864e-01 4.914240833592551372e-01 5.284071267840392494e+00
2.842642937515033746e-02 3.843265389128364823e-02 1.042972014820935378e-01 3.839484854125104762e-01 3.984014135047003080e+00
2.962194938774995873e-02 4.004581480910401198e-02 1.086141279118693626e-01 4.001869839024569941e-01 4.145896029089829682e+00
3.548593554361068741e-02 4.799102992268083900e-02 1.301284534992702968e-01 4.773113115383525451e-01 4.933560685964263115e+00
2.830076529463834353e-02 3.825928240556448340e-02 1.037831380220528149e-01 3.808814029966081649e-01 4.115449917606238905e+00
3.956284050761543075e-02 5.348524845118515086e-02 1.451010342469525871e-01 5.313203474507528501e-01 5.790437694578711714e+00
3.178146077212121168e-02 4.295212289642923176e-02 1.166482254815128100e-01 4.279312103806286460e-01 4.623177666908516059e+00
3.557813013982429745e-02 4.809673308072719145e-02 1.305622463065770344e-01 4.783946227111445237e-01 5.447713682644009126e+00
2.814742233753258702e-02 3.806472666367625296e-02 1.033945888083466352e-01 3.800656935693554339e-01 3.934367629403282329e+00
2.832606653339045377e-02 3.830604113575592634e-02 1.039897966692718140e-01 3.817052399785704764e-01 4.048643782835508631e+00
2.841227014268832632e-02 3.841007206016999048e-02 1.042418128239767650e-01 3.845546658848010835e-01 4.110026586590540099e+00
2.856236839313762779e-02 3.859803796848773616e-02 1.047719086104896141e-01 3.855432558918281960e-01 4.016343430259634140e+00
2.863932826303788176e-02 3.871110887190221117e-02 1.050430653234991629e-01 3.857601956183424052e-01 3.784160914808845533e+00
3.091475763401099058e-02 4.179401344703413679e-02 1.132878222341582863e-01 4.166123460982129045e-01 4.533951673441166896e+00
5.812507969980127559e-02 7.853903400162921822e-02 2.131810020544341322e-01 7.796224778090908858e-01 7.663311913783406482e+00
3.030035180997734182e-02 4.095013068483089463e-02 1.110993721465308726e-01 4.095935431354427725e-01 4.101340657113087040e+00
3.408431364907332090e-02 4.607582850399142421e-02 1.250139937141107882e-01 4.621678060248221587e-01 4.749932797951676555e+00
1.063713705412323435e-01 1.438126414382397966e-01 3.901286440584184056e-01 1.441604552219591939e+00 1.480542162674289131e+01
6.232888100287192062e-02 8.421061382875356938e-02 2.285894845582125412e-01 8.420948394807442616e-01 9.013621311397383096e+00
5.249256655349351930e-02 7.090331835756995271e-02 1.926390063357288074e-01 7.066775975718271319e-01 7.725684663293051813e+00
2.845979667485074027e-02 3.846653043218467571e-02 1.043917881292447114e-01 3.836566481356321057e-01 4.078608939420269586e+00
2.841587601763938611e-02 3.841212385832040721e-02 1.043093774738304141e-01 3.846576278509394875e-01 3.836001314065287993e+00
2.840507077493258092e-02 3.841652038293049548e-02 1.042090384234333755e-01 3.837976455080327476e-01 4.080566655880029536e+00
2.837172185879061059e-02 3.836858903047715014e-02 1.041026385820946476e-01 3.824749282860950839e-01 3.863392290754291913e+00
3.083831265552765266e-02 4.168949519337385168e-02 1.130627720233246258e-01 4.160630188008989094e-01 4.340439856999324775e+00
4.742825466107251225e-02 6.408594472372937390e-02 1.736726492072381278e-01 6.406798503368444919e-01 6.604364619035634654e+00
3.148829355178332096e-02 4.254986481860328906e-02 1.153302510515579749e-01 4.250417610397352330e-01 4.546763555445300753e+00
2.862820944236910137e-02 3.869191407887298539e-02 1.049246538012078150e-01 3.865171793814527468e-01 4.056643164645493016e+00
7.192820820568188167e-02 9.720929794622154563e-02 2.634414275544053607e-01 9.710390989447486021e-01 1.013449690596726427e+01
2.966656637880423983e-02 4.008924413602733133e-02 1.087875536928889358e-01 3.998513009875651059e-01 4.195994639396392500e+00
3.625465168367951463e-02 4.899148875123650326e-02 1.329276664104778183e-01 4.867518202916488734e-01 5.004706506147106104e+00
2.772648632558633031e-02 3.747090621731569843e-02 1.015633676324443069e-01 3.714238705886284131e-01 3.964419410845406500e+00
2.816539284322745057e-02 3.807033785383800994e-02 1.032027246346885058e-01 3.786176157266502584e-01 3.944665084482453121e+00
2.788819034372468086e-02 3.770754180376775788e-02 1.024605451601321854e-01 3.773651139510874053e-01 4.039127524104497269e+00
4.832516341946840183e-02 6.537307087904306591e-02 1.776804348667802291e-01 6.560163626117171409e-01 7.317733924241490939e+00
2.808777840604212775e-02 3.800707290360006568e-02 1.033580557297447827e-01 3.814746671275169310e-01 4.145448199419397461e+00
2.939379664085895946e-02 3.977112169825622323e-02 1.081853681186309979e-01 3.998631930003074819e-01 4.311332475460696756e+00
2.925016570136424604e-02 3.958674376805788181e-02 1.075941127837613948e-01 3.976640281505456342e-01 4.186734276816493683e+00
3.125137220079007155e-02 4.227496194113010419e-02 1.149291773205260991e-01 4.240064487517233305e-01 4.842700110526370949e+00
